0 0.475 0.8513888890624999 0.57890625 0.9083333328125001 0.60546875 0.8083333328125001 0.475 0.73055555625 0.475 0.8513888890624999
0 0.4234375 0.70555555625 0.52421875 0.7486111109375 0.54296875 0.6666666671875 0.42734375 0.609722221875 0.4234375 0.70555555625
0 0.38359375 0.602777778125 0.4734375 0.6333333328124999 0.4890625 0.559722221875 0.384375 0.5083333328124999 0.38359375 0.602777778125
1 0.35390625 0.5125 0.42421875 0.5361111109375 0.44765625 0.46388888906250003 0.3484375 0.42222222187499997 0.35390625 0.5125
0 0.31875 0.4166666671875 0.396875 0.4388888890625 0.409375 0.3861111109375 0.32109375 0.35 0.31875 0.4166666671875
0 0.3 0.34722222187499996 0.36328125 0.365277778125 0.38828125 0.3083333328125 0.3046875 0.275 0.3 0.34722222187499996
0 0.26796875 0.27638888906250003 0.33984375 0.29305555625 0.3515625 0.2513888890625 0.26796875 0.2166666671875 0.26796875 0.27638888906250003
1 0.246875 0.2208333328125 0.3109375 0.23472222187499997 0.32265625 0.190277778125 0.253125 0.15694444375 0.246875 0.2208333328125
1 0.23515625 0.16805555625 0.29296875 0.18055555625 0.30703125 0.1458333328125 0.2421875 0.1166666671875 0.23515625 0.16805555625
1 0.2171875 0.125 0.27265625 0.134722221875 0.284375 0.090277778125 0.22421875 0.07083333281250001 0.2171875 0.125
0 0.5875 0.6638888890625 0.5703125 0.75 0.6625 0.7916666671875 0.67578125 0.69305555625 0.5875 0.6638888890625
0 0.4953125 0.625 0.58984375 0.6736111109375 0.60625 0.584722221875 0.5125 0.5513888890625 0.4953125 0.625
0 0.47109375 0.5291666671875 0.54921875 0.5583333328125 0.565625 0.48194444374999995 0.48359375 0.45 0.47109375 0.5291666671875
0 0.42421875 0.440277778125 0.50859375 0.46388888906250003 0.52578125 0.39444444375 0.4453125 0.36666666718749996 0.42421875 0.440277778125
0 0.396875 0.365277778125 0.4765625 0.384722221875 0.4921875 0.3236111109375 0.4078125 0.3 0.396875 0.365277778125
0 0.36953125 0.2916666671875 0.4421875 0.3125 0.46015625 0.25555555625 0.378125 0.23194444375 0.36953125 0.2916666671875
0 0.34765625 0.2388888890625 0.40546875 0.2513888890625 0.425 0.2138888890625 0.36015625 0.1833333328125 0.34765625 0.2388888890625
0 0.315625 0.18055555625 0.3828125 0.1986111109375 0.40234375 0.15555555625 0.3359375 0.12222222187500001 0.315625 0.18055555625
0 0.29921875 0.13194444375 0.34921875 0.1458333328125 0.36875 0.10833333281249999 0.3078125 0.090277778125 0.29921875 0.13194444375
0 0.27265625 0.0888888890625 0.328125 0.10555555624999999 0.3421875 0.0638888890625 0.284375 0.0486111109375 0.27265625 0.0888888890625
1 0.92265625 0.584722221875 0.92109375 0.4916666671875 0.84921875 0.47361111093749997 0.84609375 0.5736111109375 0.92265625 0.584722221875
0 0.79296875 0.3763888890625 0.78515625 0.4625 0.8421875 0.4875 0.84765625 0.3888888890625 0.79296875 0.3763888890625
0 0.79140625 0.32777777812500003 0.73828125 0.309722221875 0.73046875 0.40833333281249995 0.78515625 0.4263888890625 0.79140625 0.32777777812500003
0 0.68828125 0.2541666671875 0.67421875 0.3361111109375 0.7265625 0.3513888890625 0.7390625 0.2625 0.68828125 0.2541666671875
0 0.64375 0.190277778125 0.62578125 0.26527777812500003 0.6765625 0.28472222187499996 0.690625 0.20972222187499998 0.64375 0.190277778125
0 0.6078125 0.14444444375 0.59375 0.2166666671875 0.6296875 0.2388888890625 0.65 0.1611111109375 0.6078125 0.14444444375
0 0.5734375 0.0986111109375 0.55390625 0.1541666671875 0.590625 0.18055555625 0.6125 0.11944444375 0.5734375 0.0986111109375
0 0.54140625 0.0625 0.5234375 0.11944444375 0.5546875 0.147222221875 0.58203125 0.07083333281250001 0.54140625 0.0625
0 0.5109375 0.013888889062500001 0.49140625 0.075 0.528125 0.10694444375 0.54921875 0.034722221875 0.5109375 0.013888889062500001
1 0.89140625 0.40555555625000006 0.88984375 0.46388888906250003 0.9734375 0.502777778125 0.984375 0.4125 0.89140625 0.40555555625000006
1 0.83203125 0.38333333281250004 0.90546875 0.41111111093749997 0.91328125 0.33888888906250003 0.834375 0.32083333281250004 0.83203125 0.38333333281250004
1 0.77890625 0.25694444375000003 0.775 0.3166666671875 0.86015625 0.3333333328125 0.86328125 0.2666666671875 0.77890625 0.25694444375000003
0 0.72578125 0.19444444375 0.72421875 0.25 0.8015625 0.26527777812500003 0.803125 0.197222221875 0.72578125 0.19444444375
0 0.678125 0.147222221875 0.67734375 0.197222221875 0.74453125 0.20833333281250002 0.74609375 0.1458333328125 0.678125 0.147222221875
0 0.63984375 0.09444444375 0.63984375 0.1541666671875 0.71015625 0.1611111109375 0.715625 0.10138888906250001 0.63984375 0.09444444375
0 0.6078125 0.061111110937500004 0.60859375 0.1125 0.66875 0.1166666671875 0.66953125 0.059722221875 0.6078125 0.061111110937500004
0 0.57265625 0.019444443750000002 0.571875 0.07083333281250001 0.6375 0.0736111109375 0.64140625 0.0166666671875 0.57265625 0.019444443750000002
0 0.87890625 0.1263888890625 0.87734375 0.20694444375 0.9234375 0.2125 0.92265625 0.1166666671875 0.87890625 0.1263888890625
0 0.82734375 0.0791666671875 0.82578125 0.1458333328125 0.8734375 0.15694444375 0.8734375 0.077777778125 0.82734375 0.0791666671875
0 0.78515625 0.054166667187499996 0.78125 0.1125 0.8265625 0.12222222187500001 0.83125 0.0458333328125 0.78515625 0.054166667187499996