1 0.5671875 0.93194444375 0.50078125 0.7916666671875 0.45078125 0.8361111109375001 0.5078125 0.9833333328125 0.5671875 0.93194444375
1 0.6109375 0.8138888890624999 0.5453125 0.7013888890625 0.49140625 0.7513888890625 0.55859375 0.8736111109375001 0.6109375 0.8138888890624999
0 0.62421875 0.69305555625 0.56171875 0.5930555562500001 0.5203125 0.640277778125 0.5890625 0.75 0.62421875 0.69305555625
1 0.64375 0.5875 0.5890625 0.5097222218749999 0.54765625 0.5486111109375 0.61015625 0.6361111109375 0.64375 0.5875
1 0.65078125 0.49444444374999996 0.59921875 0.434722221875 0.5578125 0.46805555625000006 0.62109375 0.5416666671875 0.65078125 0.49444444374999996
1 0.67109375 0.4166666671875 0.61171875 0.36944444375 0.58359375 0.40833333281249995 0.64140625 0.46388888906250003 0.67109375 0.4166666671875
1 0.67890625 0.3611111109375 0.6234375 0.315277778125 0.6 0.34722222187499996 0.65859375 0.3958333328125 0.67890625 0.3611111109375
1 0.6921875 0.3125 0.64296875 0.275 0.61640625 0.3083333328125 0.6703125 0.3458333328125 0.6921875 0.3125
0 0.7046875 0.26805555625 0.665625 0.2416666671875 0.6328125 0.2666666671875 0.6953125 0.3083333328125 0.7046875 0.26805555625
1 0.43984375 0.925 0.4140625 0.8194444437499999 0.29453125 0.88055555625 0.31796875 0.9875 0.43984375 0.925
0 0.55234375 0.49583333281249997 0.53515625 0.44444444375 0.4546875 0.48333333281249996 0.4734375 0.5388888890625 0.55234375 0.49583333281249997
1 0.5796875 0.427777778125 0.5625 0.375 0.49453125 0.40555555625000006 0.5046875 0.45416666718750004 0.5796875 0.427777778125
1 0.5859375 0.377777778125 0.57421875 0.32777777812500003 0.49765625 0.352777778125 0.50234375 0.4 0.5859375 0.377777778125
1 0.6125 0.3236111109375 0.60078125 0.2833333328125 0.53359375 0.3013888890625 0.5484375 0.34722222187499996 0.6125 0.3236111109375
0 0.6140625 0.2791666671875 0.60390625 0.240277778125 0.53828125 0.259722221875 0.54375 0.2986111109375 0.6140625 0.2791666671875
1 0.27578125 0.477777778125 0.24609375 0.40416666718750005 0.2046875 0.4291666671875 0.23125 0.51944444375 0.27578125 0.477777778125
0 0.3140625 0.40833333281249995 0.290625 0.34722222187499996 0.25234375 0.377777778125 0.2765625 0.45 0.3140625 0.40833333281249995
1 0.34765625 0.352777778125 0.3171875 0.29722222187499997 0.2828125 0.33055555625 0.31640625 0.39305555625 0.34765625 0.352777778125
1 0.38359375 0.3013888890625 0.3515625 0.2625 0.32265625 0.29305555625 0.35234375 0.3416666671875 0.38359375 0.3013888890625
0 0.40703125 0.2625 0.3796875 0.215277778125 0.346875 0.25 0.38046875 0.29444444375 0.40703125 0.2625
0 0.4265625 0.23055555625 0.39921875 0.1875 0.37578125 0.21805555625 0.40859375 0.2638888890625 0.4265625 0.23055555625
0 0.13828125 0.5388888890625 0.11796875 0.434722221875 0.06640625 0.46805555625000006 0.08046875 0.5666666671875 0.13828125 0.5388888890625
1 0.19375 0.46527777812500004 0.165625 0.36666666718749996 0.1171875 0.397222221875 0.1359375 0.4888888890625 0.19375 0.46527777812500004
1 0.23828125 0.41111111093749997 0.21171875 0.32083333281250004 0.16875 0.35694444375 0.18984375 0.434722221875 0.23828125 0.41111111093749997
0 0.2796875 0.3583333328125 0.2546875 0.290277778125 0.21484375 0.31805555625 0.2359375 0.38194444375000003 0.2796875 0.3583333328125
0 0.309375 0.3111111109375 0.28828125 0.24722222187499998 0.25234375 0.27638888906250003 0.275 0.33194444375 0.309375 0.3111111109375
0 0.34140625 0.2708333328125 0.3125 0.215277778125 0.2859375 0.24722222187499998 0.30546875 0.29444444375 0.34140625 0.2708333328125
0 0.36953125 0.2375 0.346875 0.17916666718750002 0.31328125 0.2138888890625 0.3375 0.259722221875 0.36953125 0.2375