1 0.62890625 0.9236111109375 0.5625 0.7625 0.503125 0.8083333328125001 0.55859375 0.9694444437499999 0.62890625 0.9236111109375
1 0.66328125 0.7416666671875001 0.60078125 0.6263888890625 0.54765625 0.6791666671875001 0.61640625 0.8138888890624999 0.66328125 0.7416666671875001
1 0.68671875 0.647222221875 0.6296875 0.5541666671875001 0.58359375 0.590277778125 0.64296875 0.69305555625 0.68671875 0.647222221875
1 0.703125 0.5319444437499999 0.64765625 0.4486111109375 0.60234375 0.49444444374999996 0.6734375 0.597222221875 0.703125 0.5319444437499999
1 0.7171875 0.447222221875 0.6640625 0.3916666671875 0.6328125 0.43194444374999996 0.69609375 0.5111111109375 0.7171875 0.447222221875
0 0.7328125 0.3763888890625 0.67421875 0.32083333281250004 0.65 0.3638888890625 0.71015625 0.4291666671875 0.7328125 0.3763888890625
1 0.746875 0.32083333281250004 0.690625 0.26944444375 0.66484375 0.30694444375 0.725 0.36805555624999997 0.746875 0.32083333281250004
1 0.7640625 0.27777777812500004 0.70625 0.23055555625 0.6828125 0.2625 0.74296875 0.3138888890625 0.7640625 0.27777777812500004
1 0.7671875 0.225 0.71875 0.190277778125 0.70078125 0.2208333328125 0.7578125 0.2625 0.7671875 0.225
1 0.50625 0.875 0.4828125 0.7819444437499999 0.3671875 0.8375 0.37890625 0.9513888890625 0.50625 0.875
1 0.62265625 0.440277778125 0.60625 0.39027777812500003 0.5296875 0.43055555625 0.5453125 0.48333333281249996 0.62265625 0.440277778125
1 0.64609375 0.3791666671875 0.63125 0.3361111109375 0.55546875 0.3638888890625 0.56640625 0.415277778125 0.64609375 0.3791666671875
1 0.66640625 0.3236111109375 0.6515625 0.275 0.575 0.29722222187499997 0.58671875 0.352777778125 0.66640625 0.3236111109375
0 0.678125 0.2791666671875 0.6625 0.23333333281250002 0.59375 0.25833333281250004 0.60234375 0.2958333328125 0.678125 0.2791666671875
1 0.69140625 0.2416666671875 0.684375 0.197222221875 0.6234375 0.20833333281250002 0.6296875 0.2486111109375 0.69140625 0.2416666671875
0 0.3421875 0.4166666671875 0.31484375 0.34722222187499996 0.28203125 0.3708333328125 0.3015625 0.45416666718750004 0.3421875 0.4166666671875
0 0.3796875 0.3638888890625 0.35625 0.2958333328125 0.31875 0.32083333281250004 0.3421875 0.3888888890625 0.3796875 0.3638888890625
0 0.4171875 0.30694444375 0.39140625 0.2486111109375 0.3578125 0.2791666671875 0.384375 0.3416666671875 0.4171875 0.30694444375
0 0.44453125 0.25833333281250004 0.41875 0.20833333281250002 0.38671875 0.2375 0.41328125 0.2833333328125 0.44453125 0.25833333281250004
0 0.4734375 0.2125 0.4453125 0.1666666671875 0.4140625 0.20138888906250002 0.4421875 0.24444444375000002 0.4734375 0.2125
0 0.49609375 0.18194444375000002 0.46875 0.1375 0.43984375 0.1666666671875 0.46953125 0.20833333281250002 0.49609375 0.18194444375000002
0 0.2125 0.48472222187499997 0.1890625 0.38194444375000003 0.14765625 0.4125 0.159375 0.50555555625 0.2125 0.48472222187499997
1 0.2609375 0.4125 0.2390625 0.334722221875 0.196875 0.352777778125 0.2171875 0.4361111109375 0.2609375 0.4125
0 0.30546875 0.35694444375 0.28515625 0.28194444375 0.246875 0.315277778125 0.26484375 0.377777778125 0.30546875 0.35694444375
0 0.33984375 0.30416666718749996 0.31875 0.23611111093749998 0.2859375 0.25555555625 0.3015625 0.3166666671875 0.33984375 0.30416666718749996
0 0.375 0.2611111109375 0.35078125 0.19444444375 0.3203125 0.21944444375 0.34375 0.2791666671875 0.375 0.2611111109375
0 0.4078125 0.2166666671875 0.3765625 0.16388888906250001 0.3515625 0.184722221875 0.37421875 0.24305555625 0.4078125 0.2166666671875
0 0.4328125 0.17916666718750002 0.4125 0.1361111109375 0.38359375 0.15277777812499999 0.41015625 0.20555555625 0.4328125 0.17916666718750002